HEDERA_NETWORK = preview
secret='goat husband split collect proof firm patch accident move easy robot cushion'
infuraKey='015bf16116de4e21af477e6e44f3d206'
PORT=3000

## HEDERA TOKEN DETAILS
MY_ACCOUNT_ID = 0.0.19053020
MY_PRIVATE_KEY = e563e25da29c40acedb7a7f6fe3ddfb502d33feb4cfae7aa7b4564b8ec834b4f
MY_PUBLIC_KEY = f32cd3248414d0e75d96aa85d8613ec492b64add6d7003420d1b095685f5782d
ALICE_PRIVATE_KEY = 3030020100300706052b8104000a04220420cf1666353043395d42e1d71f7d2e9df0fcf1976154297526073983ee8ad3fdb0
ALICE_PUBLIC_KEY = 302d300706052b8104000a032200029c5c0fbea3345c127e9b72ee2585975236de340d104a26e9c5cf35109bb2aa81

## HEDERA HBAR DETAILS
HBAR_TREASURY_ID = 0.0.48636209
HBAR_TREASURY_PRIVATE_KEY = 3030020100300706052b8104000a04220420e9bf9cc78f6df35b2226fbb41ad928d0540a19058c047c56f205ce4bc6a67b08

HBAR_MARKETPLACE_ID = 0.0.48636148
HBAR_MARKETPLACE_PRIVATE_KEY = 3030020100300706052b8104000a042204207fc9374552c95b90008c0b7d5c5daf78f472bfc8c18d25447178f8f64a4e2a94

HBAR_SELLER_ID = 0.0.48636188
HBAR_SELLER_PRIVATE_KEY = 3030020100300706052b8104000a04220420a5055df9ef8fd5078af992c6d44504e20ad7dc86a42125b85e5b835642eabaef

HBAR_BUYER_ID = 0.0.48636172
HBAR_BUYER_PRIVATE_KEY = 3030020100300706052b8104000a042204208aa31e960a7d262d01bb8a9bf1bf92252f975c0d2249a0322d4a5c89b174eb3b